.Random.seed <-
c(403L, 10L, 2041518921L, -835854248L, 736122118L, 1744830689L, 
15464563L, -1045867294L, 1774396500L, 264800599L, -586225331L, 
1313475812L, 1811394762L, -1429824203L, -193743985L, 536389782L, 
246790208L, 337305859L, 843500833L, -1656857072L, -1753240082L, 
1784488345L, 1852239403L, 271955738L, -1742631460L, 1687614431L, 
-1054084171L, 1553468748L, -428446814L, 1680065277L, 1042291703L, 
-1334164194L, -330717224L, -1204897477L, 262213337L, -378789272L, 
-321584234L, 308848401L, -1726644029L, -977264430L, -1012923036L, 
-1066354521L, 460164605L, -740773900L, 936171738L, 255072805L, 
2122184511L, 1758606534L, 940075344L, -1094755981L, 216589201L, 
-1597672000L, -909463650L, 1058279785L, -1669832293L, 1498928298L, 
-304852276L, 233708431L, -1125851195L, -386497668L, 1094220754L, 
-813614259L, 467044871L, 901274094L, -2009320248L, 2144672715L, 
1950141993L, 592512120L, -1726955098L, -7265343L, 1900761171L, 
-1989814526L, 1069326900L, 24090551L, 1563477933L, -797575996L, 
-801605398L, -722198699L, -1375244049L, -215894282L, 33923616L, 
1418766307L, -847229823L, 1662290672L, 752697742L, -1667649799L, 
1632787595L, 1237828794L, -571973700L, 634854655L, -11636651L, 
-1771429012L, -861594686L, 1204636701L, 485371031L, -575960578L, 
-7386696L, 1188906395L, -44504071L, -1762102456L, 1725324918L, 
-1266165839L, -1358550557L, -503742798L, 10203908L, -1131892665L, 
1522161437L, -1423659628L, -634566L, -537481851L, 890218079L, 
1589285094L, -393096336L, -423824237L, -1104645839L, 808835040L, 
-1367122818L, -299970807L, -244936389L, -1928727286L, -433591060L, 
-662611601L, 428793509L, -82628516L, -1439258574L, -867737811L, 
-769643033L, -511479538L, 634885864L, 914667755L, -292374135L, 
-1027258088L, 1110170694L, -1385143135L, -923792589L, 580973218L, 
157370772L, 1594710039L, -1866579955L, -1326021340L, -1177501430L, 
-1246463883L, -1178151985L, 1117873366L, -1441139584L, 1420757699L, 
-1442163615L, 1551373520L, 47400494L, -540166183L, -656025621L, 
-106852774L, -184186852L, 2100008223L, 1177752949L, -1709235188L, 
-1004575262L, -1126181187L, -1695223497L, 1205622238L, 1565821720L, 
1062961787L, 1208332313L, 794650792L, -715437482L, -1639500079L, 
1636546179L, 680291602L, -281937756L, 813054055L, 1308195261L, 
-1163095244L, -1518045030L, 957112037L, -118933377L, -345542138L, 
-1365516912L, 1076985907L, 1631055825L, 149185920L, 1648978014L, 
-234862679L, -1857323429L, 111403626L, 1873071884L, -316053169L, 
-840871419L, -1412955972L, 911747474L, -1342029171L, -470093625L, 
-318470738L, -610955256L, -677805045L, 1236484329L, 940588984L, 
-1573218202L, 1101449473L, 1805549459L, 347803714L, 1425135604L, 
-1433501193L, -1979808275L, 2068694660L, 1848948906L, -149551595L, 
-435365201L, 1428721846L, 1247416032L, 1007817251L, -178078399L, 
1612447792L, -56026546L, 1055743673L, 1939811019L, -1260131462L, 
-1202447748L, -1498829121L, -1392830571L, -1024405588L, -1038021246L, 
1241387869L, 742899287L, -524493506L, 725855608L, 1559739995L, 
-257435207L, 662334472L, 1001387702L, 311840674L, 1275510696L, 
1442523020L, -497218884L, 273318770L, 1731094768L, 354718788L, 
-280431272L, -1932660678L, -306195600L, 1628685372L, 873859860L, 
-1654450750L, -1478226720L, 1484726140L, -15489328L, 1852586658L, 
1883911208L, -310435572L, -1255154756L, 517057842L, -578877504L, 
-889305548L, -1142467640L, -457249606L, -1885593712L, -198376980L, 
-1128045484L, 408197778L, 1580223264L, -1890817588L, 68617184L, 
6999746L, 258057768L, -2086420820L, -1920241988L, -533196302L, 
2009420080L, -307144540L, 974314168L, 1083344730L, 599596432L, 
266792316L, -2112829164L, 854611266L, -789384448L, 1787118524L, 
1452454736L, 1466813730L, 1115011400L, -458675188L, -1880333220L, 
-910326574L, -1590086656L, -324159660L, -801424920L, -2072083462L, 
2004099792L, 1373515052L, 123012340L, 1268450194L, -350727072L, 
-114161396L, -644627744L, 1662782818L, -2010413400L, -48456116L, 
2015896444L, 1005252402L, 703744624L, 1489649988L, -1621624872L, 
1347441786L, 2027031088L, -289589572L, 703379284L, -452803006L, 
2125338528L, 1603478716L, -781999664L, -1186483870L, -1812860952L, 
298554316L, 1671735036L, 1829815282L, -1037783936L, -1540519692L, 
-1703174008L, -303742662L, 1500162896L, -990281620L, -1619297132L, 
1317635410L, 784714464L, -1659056948L, -1400294240L, -1537428094L, 
1345725672L, 358483180L, 652949564L, -1198773134L, 1504582768L, 
1763701284L, 316065336L, 1703535130L, 1133268176L, -858264004L, 
1631672468L, 1703625858L, -612777024L, -1522308804L, 1077235344L, 
-862514142L, -1455063032L, -985324404L, 1813208092L, -119545710L, 
837803136L, -251114476L, 1556191016L, 966606906L, 1870174416L, 
-220426132L, 1166411444L, -907097070L, 1351787488L, 760624076L, 
-439084576L, -1110431710L, 1150463272L, 163410188L, 801591868L, 
-259888910L, -574362384L, 600063812L, -2107810728L, -528863686L, 
1558329584L, -1191491908L, 29958676L, -1227754302L, -1304741280L, 
-2060177028L, -317264688L, -331534302L, -1413147480L, 1355624844L, 
1088291260L, -783053774L, 86224704L, -567883084L, -60437176L, 
1965864634L, 1818311440L, -1130084116L, 2045619284L, -75775214L, 
-913773152L, 881858508L, -1385206944L, 1638067394L, -1044209112L, 
-1162338900L, 2066785084L, 711815026L, -346415312L, -1200128988L, 
-708046280L, 178767578L, 375038864L, -867512068L, -1049302636L, 
-2044609726L, 1243083264L, -318213060L, -1615746480L, 617354402L, 
-2081626296L, 2089002508L, 1748735708L, -594665390L, -177172352L, 
1386771284L, 1899664360L, -1980099846L, 534662992L, 1168330796L, 
1984418164L, -45192558L, 1757860448L, -1730282356L, 1972677984L, 
1817018594L, -1110189912L, -1742683444L, -521058820L, 1575819186L, 
-1821986832L, 86162884L, 1600538968L, -2018497158L, -1100554832L, 
704879036L, 603400788L, -72864318L, -650671328L, 1219128252L, 
-803703728L, -608462878L, -1935615128L, -1428265140L, -336602372L, 
787305202L, 823488768L, -234089356L, 820034056L, -576101958L, 
1052801488L, -1359604756L, -1547020396L, 940352722L, 1387630688L, 
750434636L, -649011424L, -927767934L, -1893453336L, 575161324L, 
-209374097L, 782414329L, -1399257970L, -1864028836L, -1776517683L, 
1372471607L, -1320440896L, -1831336802L, 249293163L, -1039707923L, 
-1592383142L, 1866068504L, 1786228609L, -998310605L, -765856940L, 
-1396497054L, -1891633673L, 1979948609L, 91904710L, -1285624828L, 
-403903563L, -1569831777L, 2003513592L, -1600304938L, 1928356195L, 
-960320219L, 800651970L, -603850832L, -1335153703L, 1803879755L, 
332587964L, 283143146L, -619533281L, 241527465L, 17849918L, -974400724L, 
630766973L, 1872368583L, 1763689136L, 588955854L, -1764681221L, 
1555184221L, -48556662L, -1305563736L, -634858735L, -1107320317L, 
-1572342524L, 286478642L, -1283047545L, 1503874513L, 394739542L, 
-718774988L, 1338078277L, -1231381361L, 327760392L, -567585242L, 
366137043L, 2106540085L, -1158787182L, 734392160L, -1526424887L, 
-239849989L, 937425356L, -1620660134L, -2045842097L, -2146819047L, 
1056401966L, 1863387196L, -908345939L, 1508228695L, -277246048L, 
-1331729154L, -2014064693L, 593947085L, 887024890L, 904601400L, 
1108421857L, 122838931L, -1065815116L, -380356414L, 1343388887L, 
-1537754847L, -777547546L, 1159312868L, -966725355L, -915338945L, 
798643416L, -1296188170L, 1719191299L, 893878341L, 193044578L, 
-1624545328L, -1152549639L, 637793835L, 277578140L, -855318070L, 
1518355135L, 1689302025L, -106380002L, 1061570764L, 772488349L, 
955785511L, -527119536L, 1646835182L, -402918757L, 1480193277L, 
919903210L, 255237256L, -226852303L, -1001778013L, 161306788L, 
44624210L, 337220775L, -1878634255L, 1101948982L, 1406441684L, 
493481061L, 563930735L, 1764993192L, 956741126L, -1631119565L, 
695767957L, 842311666L, 1667900480L, 1530142121L, 391918619L, 
-495128084L, -910652934L, 1115827759L, 204290617L, -1013115826L, 
804183196L, 632262157L, -391777673L, -367607168L, -477562658L, 
1820791723L, 1207934125L, 1031905562L, 1823708632L, 834653761L, 
-448477965L, 1405342484L, -193535326L, 1949096887L, -302090367L, 
